16,30,34,39
19,32,34,39
21,35,34,39
23,38,34,39
26,40,34,39
30,41,34,39
35,42,34,39
38,43,34,39
43,45,34,39
49,46,34,39
55,47,34,39
59,46,34,39
63,46,34,39
65,44,34,39
68,43,34,39
70,40,34,39
74,40,34,39
77,37,34,39
81,36,34,39
89,35,34,39
97,36,34,39
105,35,34,39
113,36,34,39
122,35,34,39
129,35,34,39
136,35,34,39
140,35,34,39
145,33,34,39
146,31,34,39
146,32,34,39
143,32,34,39
138,33,34,39
131,33,34,39
123,32,34,39
115,32,34,39
106,32,34,39
98,33,34,39
90,36,34,39
86,38,34,39
81,39,34,39
75,28,34,39
70,28,34,39
66,29,34,39
63,33,34,39
59,42,34,39
58,44,34,39
56,45,34,39
55,45,34,39
54,44,34,39
52,44,34,39
52,43,34,39
53,43,34,39
57,44,34,39
65,43,34,39
73,43,34,39
83,43,34,39
93,42,34,39
102,41,34,39
111,42,34,39
120,41,34,39
128,40,34,39
137,39,34,39
144,37,34,39
148,34,34,39
152,33,34,39
154,32,34,39
155,31,34,39
152,31,34,39
145,33,34,39
136,36,34,39
125,40,34,39
114,44,34,39
105,44,34,39
93,46,34,39
82,47,34,39
68,46,34,39
58,45,34,39
50,42,34,39
41,39,34,39
32,37,34,39
22,35,34,39
12,36,34,39
2,37,34,39
0,41,34,39
0,42,34,39
0,42,34,39
0,42,34,39
0,41,34,39
0,38,34,39
0,32,34,39
0,32,34,39
0,31,34,39
2,31,34,39
8,39,34,39
11,43,34,39
15,44,34,39
22,45,34,39
27,46,34,39
32,47,34,39
38,48,34,39
47,46,34,39
54,49,34,39
62,49,34,39
73,50,34,39
82,51,34,39
91,50,34,39
97,50,34,39
119,56,34,39
135,54,34,39
147,56,34,39
156,55,34,39
165,55,34,39
170,54,34,39
176,52,34,39
180,50,34,39
182,48,34,39
180,46,34,39
173,44,34,39
165,40,34,39
156,38,34,39
148,37,34,39
140,35,34,39
134,36,34,39
132,30,34,39
133,28,34,39
131,31,34,39
128,34,34,39
119,44,34,39
123,41,34,39
117,40,34,39
109,39,34,39
98,38,34,39
90,38,34,39
83,38,34,39
78,39,34,39
81,40,34,39
88,41,34,39
99,41,34,39
111,42,34,39
121,53,34,39
125,53,34,39
126,52,34,39
125,51,34,39
125,50,34,39
125,52,34,39
122,52,34,39
120,52,34,39
116,53,34,39
114,52,34,39
113,48,34,39
113,48,34,39
117,46,34,39
124,46,34,39
134,45,34,39
143,44,34,39
149,42,34,39
153,41,34,39
158,37,34,39
159,31,34,39
158,28,34,39
158,28,34,39
155,31,34,39
150,36,34,39
146,44,34,39
140,53,34,39
136,58,34,39
136,58,34,39
133,55,34,39
127,48,34,39
121,45,34,39
115,40,34,39
109,37,34,39
105,36,34,39
108,33,34,39
112,32,34,39
110,32,34,39
101,33,34,39
91,37,34,39
83,43,34,39
82,46,34,39
85,47,34,39
88,48,34,39
88,47,34,39
88,48,34,39
84,55,34,39
90,52,34,39
96,48,34,39
100,45,34,39
101,43,34,39
108,41,34,39
113,36,34,39
110,34,34,39
110,33,34,39
110,34,34,39
111,36,34,39
111,38,34,39
111,40,34,39
110,42,34,39
109,43,34,39
111,42,34,39
115,40,34,39
121,39,34,39
131,39,34,39
144,38,34,39
147,40,34,39
138,35,34,39
131,35,34,39
124,36,34,39
122,38,34,39
125,40,34,39
129,42,34,39
129,48,34,39
122,47,34,39
113,42,34,39
101,42,34,39
92,48,34,39
84,53,34,39
79,58,34,39
79,56,34,39
82,56,34,39
87,54,34,39
91,51,34,39
95,48,34,39
99,44,34,39
102,37,34,39
109,34,34,39
118,32,34,39
122,31,34,39
124,31,34,39
126,34,34,39
124,35,34,39
119,37,34,39
112,39,34,39
103,43,34,39
96,46,34,39
92,48,34,39
91,48,34,39
93,48,34,39
96,45,34,39
100,40,34,39
105,37,34,39
112,35,34,39
117,35,34,39
119,37,34,39
118,39,34,39
125,46,34,39
127,50,34,39
126,50,34,39
123,51,34,39
116,47,34,39
109,48,34,39
106,49,34,39
90,68,34,39
87,65,34,39
103,64,34,39
104,65,34,39
106,63,34,39
110,61,34,39
117,56,34,39
121,53,34,39
124,53,34,39
124,54,34,39
120,54,34,39
113,55,34,39
107,56,34,39
103,56,34,39
101,52,34,39
104,46,34,39
107,40,34,39
110,37,34,39
110,34,34,39
109,33,34,39
107,32,34,39
105,32,34,39
101,34,34,39
97,32,34,39
90,36,34,39
84,37,34,39
78,40,34,39
74,41,34,39
72,39,34,39
76,35,34,39
82,33,34,39
92,31,34,39
103,33,34,39
113,36,34,39
121,41,34,39
133,47,34,39
140,50,34,39
144,49,34,39
141,48,34,39
134,40,34,39
130,34,34,39
129,33,34,39
128,37,34,39
128,44,34,39
126,45,34,39
124,45,34,39
118,44,34,39
112,43,34,39
106,43,34,39
104,45,34,39
107,49,34,39
114,51,34,39
123,54,34,39
126,55,34,39
122,53,34,39
121,51,34,39
119,49,34,39
117,48,34,39
118,49,34,39
117,48,34,39
119,36,34,39
105,35,34,39
92,36,34,39
86,37,34,39
84,38,34,39
94,35,34,39
107,32,34,39
122,35,34,39
139,35,34,39
148,35,34,39
146,32,34,39
134,31,34,39
117,33,34,39
99,39,34,39
89,50,34,39
86,56,34,39
92,60,34,39
100,57,34,39
106,54,34,39
115,50,34,39
121,43,34,39
123,42,34,39
119,42,34,39
108,48,34,39
99,54,34,39
98,60,34,39
109,60,34,39
124,65,34,39
138,64,34,39
157,58,34,39
173,49,34,39
171,41,34,39
156,38,34,39
139,42,34,39
119,47,34,39
111,42,34,39
94,43,34,39
78,48,34,39
68,53,34,39
66,56,34,39
70,58,34,39
83,65,34,39
99,71,34,39
104,70,34,39
106,61,34,39
102,55,34,39
85,47,34,39
76,48,34,39
68,49,34,39
65,51,34,39
68,52,34,39
75,50,34,39
86,47,34,39
